############################################################################

# Open Online R Stream (https://www.wvbauer.com/doku.php/live_streams)
#
# By:   Wolfgang Viechtbauer (https://www.wvbauer.com)
# Date: 2022-11-10
#
# Topic(s):
# - An Introduction to Statistical Learning (https://www.statlearning.com)
# - Section(s): 9.3 - 9.5
#
# last updated: 2022-11-18

############################################################################

### 9.3.1: Classification with Non-Linear Decision Boundaries

# data for Figure 9.8 (extracted with the juicr package)
dat <- structure(list(x1 = c(0.35, -0.31, -0.83, -0.63, -0.26, 0.77, 0.73,
0.48, 0.38, 0.57, 0.82, 1.59, 1.35, 1.12, 0.94, 0.91, 1.1, 1.51, 0.88, 0.69,
-0.17, -0.06, -0.12, -0.42, -0.7, -0.83, -0.71, -0.63, -0.49, 0.32, 0.38,
0.55, 0.41, 0.58, 0.61, 0.77, 0.76, -0.11, -0.07, -0.05, -0.02, 0.07, 0.17,
-0.16, -0.4, -0.06, -1.38, -1.47, -2, -2.22, -2.53, -2.82, -4.28, -4.23, -4.8,
-4.25, -3.94, -3.62, -3.55, -3.48, -3.31, -2.43, -2.44, -1.54, -1.42, -1.83,
-1.8, -2.64, -3.04, -2.71, -3.45, -3.37, -3.14, -2.42, 0.47, 1.42, 1.42, 0.86,
0.95, 1.25, 2.26, 3.42, 3.97, 3.15, 2.33, 2.33, 2.15, 1.29, 4.16, 4.39, 2.61,
2.39, 2.69, 2.68, 2.02, 2.07, 1.4, 1.85, 1.99, 3.05), x2 = c(2.09, 1.68, 1.77,
1.43, 1.17, 1.35, 0.91, 0.71, 0.53, 0.38, 0.5, 0.15, 0.05, -0.21, -0.27,
-0.51, -0.65, -0.64, -1.64, -1.67, -1.91, -1.53, -1.28, -1.53, -1.12, -0.91,
-0.76, -0.61, -0.68, -0.65, -0.46, -0.46, -0.33, -0.18, -0.1, -0.06, 0.02,
-0.59, -0.52, -0.39, -0.33, -0.22, 0.04, -0.08, -0.3, 0.71, 0.31, -0.04,
-0.17, -0.65, -0.69, -0.79, -1.56, -2.58, -3.25, -3.33, -3.07, -3.02, -3.18,
-3.38, -3.77, -4.38, -4.05, -4.42, -4.21, -2.78, -2.59, -3.43, -3.24, -3.03,
-2.22, -2, -2.02, -2.48, 1.53, 1.76, 1.99, 2.07, 2.37, 2.37, 2.07, 1.52, 1.92,
2.26, 2.68, 2.84, 2.86, 3.1, 3.21, 3.42, 3.46, 3.45, 3.83, 4.05, 3.89, 4.03,
4.2, 4.87, 5.07, 4.46), group = c("purple", "purple", "purple", "purple",
"purple", "purple", "purple", "purple", "purple", "purple", "purple",
"purple", "purple", "purple", "purple", "purple", "purple", "purple",
"purple", "purple", "purple", "purple", "purple", "purple", "purple",
"purple", "purple", "purple", "purple", "purple", "purple", "purple",
"purple", "purple", "purple", "purple", "purple", "purple", "purple",
"purple", "purple", "purple", "purple", "purple", "purple", "purple",
"purple", "purple", "purple", "purple", "blue", "blue", "blue", "blue",
"blue", "blue", "blue", "blue", "blue", "blue", "blue", "blue", "blue",
"blue", "blue", "blue", "blue", "blue", "blue", "blue", "blue", "blue",
"blue", "blue", "blue", "blue", "blue", "blue", "blue", "blue", "blue",
"blue", "blue", "blue", "blue", "blue", "blue", "blue", "blue", "blue",
"blue", "blue", "blue", "blue", "blue", "blue", "blue", "blue", "blue",
"blue")), row.names = c(NA, -100L), class = "data.frame")

# create group factor variable (needed below by svm() function)
dat$fgroup <- factor(dat$group)

# draw figure 9.8
par(pty="s") # to generate a square plotting region
plot(dat$x1, dat$x2, col=ifelse(dat$group=="blue", "#30b5ff", "#c27ac0"),
     pch=19, cex=1.5, xlim=c(-5,5), ylim=c(-5,5), xlab="x1", ylab="x2")

# let's first try using a standard linear support vector classifier on these
# data (which is not going to work well at all!)

# install (if necessary) the e1071 package
#install.packges("e1071")

# load the e1071 package
library(e1071)

# fit linear support vector classifier
res.svm <- svm(fgroup ~ x1 + x2, data=dat, kernel="linear", scale=FALSE, cost=10)

# put circles around the support vectors
symbols(dat$x1[res.svm$index], dat$x2[res.svm$index], inches=FALSE,
        add=TRUE, circles=rep(.1,length(res.svm$index)), lwd=2)

# extract the rescaled coefficients
b0 <- coef(res.svm)[[1]] / sqrt(coef(res.svm)[[2]]^2 + coef(res.svm)[[3]]^2)
b1 <- coef(res.svm)[[2]] / sqrt(coef(res.svm)[[2]]^2 + coef(res.svm)[[3]]^2)
b2 <- coef(res.svm)[[3]] / sqrt(coef(res.svm)[[2]]^2 + coef(res.svm)[[3]]^2)

# add the hyperplane for the support vector classifier to the plot
abline(a = -b0/b2, b = -b1/b2, lwd=3)

# determine which support vector is on the correct side of the hyperplane
# and that has the largest distance to the hyperplane and get its distance
# (based on this, we can determine the margin)
dist <- abs(b0 + b1*dat$x1 + b2*dat$x2)
maxdist <- dist == max(dist[1:nrow(dat) %in% res.svm$index & res.svm$fitted == dat$fgroup])
M <- dist[maxdist]

b0 <- coef(res.svm)[[1]]
b1 <- coef(res.svm)[[2]]
b2 <- coef(res.svm)[[3]]
M <- 1 / sqrt(b1^2 + b2^2)

# calculate value we need to add/subtract to the intercept for the margin
margin <- sqrt(1 + (b1/b2)^2) * M

# add the margin to the plot
abline(a = -b0/b2 - margin, b = -b1/b2, lwd=3, lty="dotted")
abline(a = -b0/b2 + margin, b = -b1/b2, lwd=3, lty="dotted")

# this is obviously a really bad classifier for these data

############################################################################

# now try adding x1^2 and x2^2 as additional predictors/features

# fit support vector classifier with these additional predictors
res.svm <- svm(fgroup ~ x1 + x2 + I(x1^2) + I(x2^2), data=dat, kernel="linear", scale=FALSE, cost=10)

# draw figure 9.8
par(pty="s") # to generate a square plotting region
plot(dat$x1, dat$x2, col=ifelse(dat$group=="blue", "#30b5ff", "#c27ac0"),
     pch=19, cex=1.5, xlim=c(-5,5), ylim=c(-5,5), xlab="x1", ylab="x2")

# extract the coefficients for the hyperplane
b0 <- coef(res.svm)[[1]]
b1 <- coef(res.svm)[[2]]
b2 <- coef(res.svm)[[3]]
b3 <- coef(res.svm)[[4]]
b4 <- coef(res.svm)[[5]]

# create grid of x1 and x2 points
x1x2grid <- expand.grid(x1=seq(-6,6,length=501), x2=seq(-6,6,length=501))

# compute the distance to the hyperplane for each row in x1x2grid
x1x2grid$dist <- apply(x1x2grid, 1, function(x) b0 + b1*x[1] + b2*x[2] + b3*x[1]^2 + b4*x[2]^2)

# superimpose the points of the grid with colors corresponding to the predictions
points(x1x2grid[,1], x1x2grid[,2], pch=19, cex=0.1,
       col=ifelse(x1x2grid$dist > 0, "#c27ac0", "#30b5ff"))

# redraw the points
points(dat$x1, dat$x2, col=ifelse(dat$group=="blue", "#30b5ff", "#c27ac0"), pch=19, cex=1.5)

# put circles around the support vectors
symbols(dat$x1[res.svm$index], dat$x2[res.svm$index], inches=FALSE,
        add=TRUE, circles=rep(.1,length(res.svm$index)), lwd=2)

# this works really well here!

############################################################################

# 9.3.2: The Support Vector Machine

# try to reproduce the SVMs as shown in Figure 9.9

# polynomial kernel with degree 3 (and set coef0 to 1 as in equation 9.22)
res.svm <- svm(fgroup ~ x2 + x1, data=dat, kernel="polynomial", degree=3, coef0=1)
plot(res.svm, dat[c("x1","x2","fgroup")], col=c("#30b5ff","#c27ac0"), grid=500)

# radial kernel (when using the default value of gamma, the decision boundary
# looked different than in Figure 9.9; it seems that using a larger value of
# gamma leads to something that look more like Figure 9.9)
res.svm <- svm(fgroup ~ x2 + x1, data=dat, kernel="radial", gamma=10)
plot(res.svm, dat[c("x1","x2","fgroup")], col=c("#30b5ff","#c27ac0"), grid=500)

############################################################################

# 9.3.3: An Application to the Heart Disease Data

# download the Heart dataset
download.file("https://www.statlearning.com/s/Heart.csv", destfile="Heart.csv")

# read in the dataset
dat <- read.csv("Heart.csv")

# inspect the first 6 rows
head(dat)

# remove subject ID variable X
dat$X <- NULL

# only keep the complete cases
dat <- dat[complete.cases(dat),]

# turn AHD into a factor
dat$AHD <- factor(dat$AHD)

# turn the other string variables into factors
dat$ChestPain <- factor(dat$ChestPain)
dat$Thal      <- factor(dat$Thal)

# create the training and the test dataset
set.seed(1)
id.train  <- sample(nrow(dat), 207)
dat.train <- dat[id.train,]
dat.test  <- dat[-id.train,]

# load MASS package (for LDA)
library(MASS)

# linear discriminant analysis (LDA) with the training data
